0: 3 399 
1: 3 30 944 
2: 437 449 
3: 0 1 632 
4: 13 447 
5: 7 24 596 
6: 79 975 
7: 5 78 274 
8: 9 177 
9: 8 11 22 
10: 81 195 
11: 9 14 550 
12: 65 871 
13: 4 15 294 
14: 11 917 
15: 13 94 518 
16: 827 833 
17: 19 56 364 
18: 133 441 
19: 17 204 582 
20: 35 409 
21: 23 110 680 
22: 9 61 
23: 21 44 716 
24: 25 5 
25: 24 27 194 
26: 311 335 
27: 25 334 398 
28: 95 171 
29: 31 390 914 
30: 1 953 
31: 29 48 264 
32: 125 395 
33: 35 350 658 
34: 117 565 
35: 20 33 68 
36: 529 557 
37: 39 412 476 
38: 471 535 
39: 37 296 344 
40: 135 231 
41: 43 62 696 
42: 203 277 
43: 41 66 446 
44: 45 23 
45: 44 47 142 
46: 89 107 
47: 45 106 796 
48: 31 259 
49: 51 218 270 
50: 51 143 
51: 50 49 470 
52: 121 137 
53: 55 140 154 
54: 603 731 
55: 53 484 576 
56: 57 17 
57: 56 59 126 
58: 59 147 
59: 58 57 528 
60: 291 297 
61: 22 63 98 
62: 41 83 
63: 61 82 232 
64: 375 381 
65: 12 67 178 
66: 43 675 
67: 65 512 842 
68: 35 919 
69: 71 450 928 
70: 87 459 
71: 69 262 440 
72: 465 469 
73: 75 388 468 
74: 303 305 
75: 73 96 146 
76: 77 385 
77: 76 79 304 
78: 7 103 
79: 6 77 130 
80: 127 401 
81: 10 83 400 
82: 63 165 
83: 62 81 158 
84: 115 607 
85: 87 202 858 
86: 243 637 
87: 70 85 636 
88: 697 761 
89: 46 91 692 
90: 317 329 
91: 89 190 472 
92: 101 167 
93: 95 368 556 
94: 95 15 
95: 28 94 93 
96: 97 75 
97: 96 99 434 
98: 61 163 
99: 97 426 456 
100: 425 503 
101: 92 103 922 
102: 103 105 
103: 78 102 101 
104: 105 131 
105: 102 104 107 
106: 47 287 
107: 46 105 266 
108: 129 433 
109: 111 182 736 
110: 21 221 
111: 109 148 520 
112: 331 365 
113: 115 332 832 
114: 339 513 
115: 84 113 338 
116: 451 863 
117: 34 119 818 
118: 119 923 
119: 118 117 502 
120: 567 705 
121: 52 123 260 
122: 123 275 
123: 122 121 574 
124: 271 481 
125: 32 127 480 
126: 127 57 
127: 80 126 125 
128: 129 359 
129: 108 128 131 
130: 131 79 
131: 104 130 129 
132: 233 327 
133: 18 135 536 
134: 269 821 
135: 40 133 490 
136: 137 653 
137: 52 136 139 
138: 139 661 
139: 138 137 384 
140: 53 215 
141: 143 224 566 
142: 45 197 
143: 50 141 244 
144: 181 799 
145: 147 180 568 
146: 75 461 
147: 58 145 460 
148: 111 467 
149: 151 466 564 
150: 945 949 
151: 149 324 948 
152: 521 763 
153: 155 156 902 
154: 155 53 
155: 154 153 238 
156: 153 947 
157: 159 216 710 
158: 83 643 
159: 157 164 208 
160: 663 717 
161: 163 310 662 
162: 457 699 
163: 98 161 698 
164: 165 159 
165: 82 164 167 
166: 167 431 
167: 92 166 165 
168: 169 635 
169: 168 171 732 
170: 487 713 
171: 28 169 890 
172: 173 281 
173: 172 175 268 
174: 179 517 
175: 173 516 592 
176: 575 939 
177: 8 179 940 
178: 65 363 
179: 174 177 506 
180: 181 145 
181: 144 180 183 
182: 183 109 
183: 182 181 360 
184: 285 537 
185: 187 726 872 
186: 189 225 
187: 185 192 966 
188: 251 501 
189: 186 191 600 
190: 191 91 
191: 190 189 328 
192: 193 187 
193: 192 195 508 
194: 195 25 
195: 10 194 193 
196: 273 299 
197: 142 199 672 
198: 563 741 
199: 197 588 740 
200: 201 217 
201: 200 203 946 
202: 203 85 
203: 42 202 201 
204: 205 19 
205: 204 207 514 
206: 207 265 
207: 206 205 952 
208: 209 159 
209: 208 211 642 
210: 211 261 
211: 210 209 354 
212: 213 355 
213: 212 215 704 
214: 569 703 
215: 140 213 702 
216: 217 157 
217: 200 216 219 
218: 49 757 
219: 217 670 756 
220: 777 903 
221: 110 223 776 
222: 415 421 
223: 221 386 414 
224: 225 141 
225: 186 224 227 
226: 227 551 
227: 226 225 772 
228: 229 773 
229: 228 231 432 
230: 289 585 
231: 40 229 288 
232: 233 63 
233: 132 232 235 
234: 245 959 
235: 233 236 402 
236: 237 235 
237: 236 239 298 
238: 155 739 
239: 237 738 748 
240: 241 539 
241: 240 243 878 
242: 405 701 
243: 86 241 404 
244: 245 143 
245: 234 244 247 
246: 247 295 
247: 246 245 660 
248: 249 253 
249: 248 251 302 
250: 251 387 
251: 188 250 249 
252: 435 687 
253: 248 255 282 
254: 255 367 
255: 254 253 934 
256: 257 509 
257: 256 259 734 
258: 259 315 
259: 48 258 257 
260: 261 121 
261: 210 260 263 
262: 263 71 
263: 262 261 634 
264: 31 807 
265: 206 267 418 
266: 267 107 
267: 266 265 286 
268: 269 173 
269: 134 268 271 
270: 271 49 
271: 124 270 269 
272: 809 961 
273: 196 275 808 
274: 275 7 
275: 122 274 273 
276: 463 597 
277: 42 279 462 
278: 279 491 
279: 278 277 318 
280: 281 411 
281: 172 280 283 
282: 283 253 
283: 282 281 686 
284: 371 727 
285: 184 287 370 
286: 267 943 
287: 106 285 942 
288: 289 231 
289: 230 288 291 
290: 337 561 
291: 60 289 438 
292: 319 805 
293: 295 744 804 
294: 295 13 
295: 246 294 293 
296: 39 301 
297: 60 299 764 
298: 299 237 
299: 196 298 297 
300: 301 765 
301: 296 300 303 
302: 249 495 
303: 74 301 494 
304: 77 829 
305: 74 307 352 
306: 307 527 
307: 306 305 322 
308: 309 625 
309: 308 311 378 
310: 311 161 
311: 26 310 309 
312: 313 695 
313: 312 315 882 
314: 315 671 
315: 258 314 313 
316: 317 977 
317: 90 316 319 
318: 279 895 
319: 292 317 894 
320: 321 325 
321: 320 323 976 
322: 307 803 
323: 321 356 802 
324: 325 151 
325: 320 324 327 
326: 343 873 
327: 132 325 594 
328: 191 683 
329: 90 331 682 
330: 331 333 
331: 112 330 329 
332: 113 429 
333: 330 335 346 
334: 335 27 
335: 26 334 333 
336: 337 647 
337: 290 336 339 
338: 115 587 
339: 114 337 548 
340: 547 549 
341: 343 546 578 
342: 343 553 
343: 326 342 341 
344: 345 39 
345: 344 347 534 
346: 333 911 
347: 345 442 822 
348: 349 579 
349: 348 351 718 
350: 351 33 
351: 350 349 974 
352: 305 971 
353: 355 854 904 
354: 355 211 
355: 212 354 353 
356: 357 323 
357: 356 359 758 
358: 359 361 
359: 128 358 357 
360: 361 183 
361: 358 360 363 
362: 363 507 
363: 178 362 361 
364: 365 17 
365: 112 364 367 
366: 367 711 
367: 254 366 365 
368: 369 93 
369: 368 371 522 
370: 371 285 
371: 284 370 369 
372: 523 525 
373: 375 430 774 
374: 593 841 
375: 64 373 376 
376: 377 375 
377: 376 379 840 
378: 309 815 
379: 377 742 814 
380: 533 573 
381: 64 383 532 
382: 883 899 
383: 381 558 884 
384: 139 623 
385: 76 387 664 
386: 223 531 
387: 250 385 530 
388: 73 621 
389: 391 396 618 
390: 29 769 
391: 389 392 526 
392: 393 391 
393: 392 395 768 
394: 659 921 
395: 32 393 920 
396: 389 455 
397: 399 454 700 
398: 399 27 
399: 0 398 397 
400: 81 715 
401: 80 403 478 
402: 403 235 
403: 402 401 538 
404: 405 243 
405: 242 404 407 
406: 407 413 
407: 406 405 708 
408: 409 475 
409: 20 408 411 
410: 781 801 
411: 280 409 778 
412: 37 417 
413: 406 415 416 
414: 415 223 
415: 222 414 413 
416: 417 413 
417: 412 416 419 
418: 265 981 
419: 417 806 980 
420: 599 825 
421: 222 423 598 
422: 775 839 
423: 421 524 838 
424: 425 477 
425: 100 424 427 
426: 427 99 
427: 426 425 560 
428: 443 667 
429: 332 431 444 
430: 373 651 
431: 166 429 650 
432: 433 229 
433: 108 432 435 
434: 435 97 
435: 252 434 433 
436: 453 519 
437: 2 439 452 
438: 439 291 
439: 438 437 694 
440: 71 793 
441: 18 443 792 
442: 443 347 
443: 428 442 441 
444: 429 571 
445: 447 570 666 
446: 447 43 
447: 4 446 445 
448: 679 681 
449: 2 451 678 
450: 451 69 
451: 116 450 449 
452: 453 437 
453: 436 452 455 
454: 455 397 
455: 396 454 453 
456: 457 99 
457: 162 456 459 
458: 459 733 
459: 70 458 457 
460: 147 555 
461: 146 463 554 
462: 277 543 
463: 276 461 542 
464: 465 615 
465: 72 464 467 
466: 467 149 
467: 148 466 465 
468: 469 73 
469: 72 468 471 
470: 51 751 
471: 38 469 580 
472: 473 91 
473: 472 475 614 
474: 475 753 
475: 408 474 473 
476: 477 37 
477: 424 476 479 
478: 479 401 
479: 478 477 654 
480: 481 125 
481: 124 480 483 
482: 489 965 
483: 481 602 612 
484: 485 55 
485: 484 487 730 
486: 487 891 
487: 170 486 485 
488: 493 591 
489: 482 491 492 
490: 491 135 
491: 278 490 489 
492: 493 489 
493: 488 492 495 
494: 303 545 
495: 302 493 544 
496: 869 967 
497: 499 504 868 
498: 499 853 
499: 498 497 750 
500: 877 901 
501: 188 503 610 
502: 119 847 
503: 100 501 846 
504: 497 677 
505: 507 630 900 
506: 507 179 
507: 362 506 505 
508: 509 193 
509: 256 508 511 
510: 511 927 
511: 510 509 936 
512: 67 657 
513: 114 515 540 
514: 515 205 
515: 514 513 690 
516: 175 835 
517: 174 519 834 
518: 519 15 
519: 436 518 517 
520: 521 111 
521: 152 520 523 
522: 523 369 
523: 372 522 521 
524: 525 423 
525: 372 524 527 
526: 527 391 
527: 306 526 525 
528: 59 861 
529: 36 531 810 
530: 531 387 
531: 386 530 529 
532: 533 381 
533: 380 532 535 
534: 535 345 
535: 38 534 533 
536: 537 133 
537: 184 536 539 
538: 539 403 
539: 240 538 537 
540: 541 513 
541: 540 543 656 
542: 543 463 
543: 462 542 541 
544: 545 495 
545: 494 544 547 
546: 341 639 
547: 340 545 638 
548: 549 339 
549: 340 548 551 
550: 551 11 
551: 226 550 549 
552: 553 595 
553: 342 552 555 
554: 555 461 
555: 460 554 553 
556: 557 93 
557: 36 556 559 
558: 559 383 
559: 558 557 646 
560: 561 427 
561: 290 560 563 
562: 563 737 
563: 198 562 561 
564: 565 149 
565: 34 564 567 
566: 567 141 
567: 120 566 565 
568: 569 145 
569: 214 568 571 
570: 445 755 
571: 444 569 754 
572: 573 933 
573: 380 572 575 
574: 575 123 
575: 176 574 573 
576: 577 55 
577: 576 579 932 
578: 579 341 
579: 348 578 577 
580: 581 471 
581: 580 583 850 
582: 583 19 
583: 582 581 584 
584: 585 583 
585: 230 584 587 
586: 641 719 
587: 338 585 640 
588: 589 199 
589: 588 591 826 
590: 591 633 
591: 488 590 589 
592: 593 175 
593: 374 592 595 
594: 595 327 
595: 552 594 593 
596: 597 5 
597: 276 596 599 
598: 599 421 
599: 420 598 597 
600: 189 617 
601: 603 604 824 
602: 483 783 
603: 54 601 782 
604: 601 723 
605: 607 608 616 
606: 859 907 
607: 84 605 906 
608: 609 605 
609: 608 611 722 
610: 611 501 
611: 610 609 880 
612: 613 483 
613: 612 615 962 
614: 473 627 
615: 464 613 626 
616: 617 605 
617: 600 616 619 
618: 619 389 
619: 618 617 620 
620: 621 619 
621: 388 620 623 
622: 665 669 
623: 384 621 668 
624: 629 905 
625: 308 627 628 
626: 627 615 
627: 614 626 625 
628: 629 625 
629: 624 628 631 
630: 631 505 
631: 630 629 688 
632: 633 3 
633: 590 632 635 
634: 635 263 
635: 168 634 633 
636: 637 87 
637: 86 636 639 
638: 639 547 
639: 546 638 637 
640: 641 587 
641: 586 640 643 
642: 209 645 
643: 158 641 644 
644: 645 643 
645: 642 644 647 
646: 559 979 
647: 336 645 978 
648: 649 787 
649: 648 651 652 
650: 651 431 
651: 430 650 649 
652: 653 649 
653: 136 652 655 
654: 655 479 
655: 654 653 714 
656: 541 889 
657: 512 659 888 
658: 33 897 
659: 394 657 896 
660: 661 247 
661: 138 660 663 
662: 161 721 
663: 160 661 720 
664: 665 385 
665: 622 664 667 
666: 667 445 
667: 428 666 665 
668: 669 623 
669: 622 668 671 
670: 671 219 
671: 314 670 669 
672: 197 707 
673: 675 706 954 
674: 675 843 
675: 66 674 673 
676: 685 689 
677: 504 679 950 
678: 449 729 
679: 448 677 728 
680: 681 21 
681: 448 680 683 
682: 683 329 
683: 328 682 681 
684: 685 771 
685: 676 684 687 
686: 687 283 
687: 252 686 685 
688: 689 631 
689: 676 688 691 
690: 691 515 
691: 690 689 786 
692: 89 791 
693: 695 760 790 
694: 695 439 
695: 312 694 693 
696: 697 41 
697: 88 696 699 
698: 699 163 
699: 162 698 697 
700: 397 831 
701: 242 703 830 
702: 703 215 
703: 214 702 701 
704: 705 213 
705: 120 704 707 
706: 673 913 
707: 672 705 908 
708: 709 407 
709: 708 711 870 
710: 711 157 
711: 366 710 709 
712: 713 759 
713: 170 712 715 
714: 715 655 
715: 400 714 713 
716: 717 23 
717: 160 716 719 
718: 349 867 
719: 586 717 866 
720: 721 663 
721: 662 720 723 
722: 609 725 
723: 604 721 724 
724: 723 767 
725: 722 727 766 
726: 185 931 
727: 284 725 930 
728: 729 679 
729: 678 728 731 
730: 731 485 
731: 54 730 729 
732: 733 169 
733: 458 732 735 
734: 735 257 
735: 734 733 798 
736: 109 795 
737: 562 739 794 
738: 739 239 
739: 238 738 737 
740: 199 747 
741: 198 743 746 
742: 743 379 
743: 742 741 828 
744: 745 293 
745: 744 747 788 
746: 747 741 
747: 740 746 745 
748: 749 239 
749: 748 751 752 
750: 751 499 
751: 470 750 749 
752: 753 749 
753: 474 752 755 
754: 755 571 
755: 570 754 753 
756: 219 813 
757: 218 759 812 
758: 759 357 
759: 712 758 757 
760: 761 693 
761: 88 760 763 
762: 763 935 
763: 152 762 761 
764: 765 297 
765: 300 764 767 
766: 767 725 
767: 724 766 765 
768: 769 393 
769: 390 768 771 
770: 771 951 
771: 684 770 769 
772: 773 227 
773: 228 772 775 
774: 775 373 
775: 422 774 773 
776: 777 221 
777: 220 776 779 
778: 779 411 
779: 778 777 926 
780: 785 789 
781: 410 783 784 
782: 783 603 
783: 602 782 781 
784: 785 781 
785: 780 784 787 
786: 787 691 
787: 648 786 785 
788: 745 875 
789: 780 791 874 
790: 791 693 
791: 692 790 789 
792: 793 441 
793: 440 792 795 
794: 795 737 
795: 736 794 793 
796: 797 47 
797: 796 799 848 
798: 799 735 
799: 144 798 797 
800: 801 937 
801: 410 800 803 
802: 803 323 
803: 322 802 801 
804: 805 293 
805: 292 804 807 
806: 807 419 
807: 264 806 805 
808: 809 273 
809: 272 808 811 
810: 811 529 
811: 810 809 856 
812: 813 757 
813: 756 812 815 
814: 379 817 
815: 378 813 982 
816: 817 983 
817: 814 816 819 
818: 117 925 
819: 817 862 924 
820: 821 865 
821: 134 820 823 
822: 823 347 
823: 822 821 910 
824: 825 601 
825: 420 824 827 
826: 589 887 
827: 16 825 886 
828: 829 743 
829: 304 828 831 
830: 831 701 
831: 700 830 829 
832: 833 113 
833: 16 832 835 
834: 835 517 
835: 516 834 833 
836: 849 893 
837: 839 844 864 
838: 839 423 
839: 422 838 837 
840: 841 377 
841: 374 840 843 
842: 843 67 
843: 674 842 841 
844: 845 837 
845: 844 847 892 
846: 847 503 
847: 502 846 845 
848: 849 797 
849: 836 848 851 
850: 851 581 
851: 850 849 852 
852: 853 851 
853: 498 852 855 
854: 855 353 
855: 854 853 972 
856: 857 811 
857: 856 859 860 
858: 859 85 
859: 606 858 857 
860: 861 857 
861: 528 860 863 
862: 863 819 
863: 116 862 861 
864: 865 837 
865: 820 864 867 
866: 867 719 
867: 718 866 865 
868: 869 497 
869: 496 868 871 
870: 871 709 
871: 12 870 869 
872: 873 185 
873: 326 872 875 
874: 875 789 
875: 788 874 873 
876: 877 881 
877: 500 876 879 
878: 879 241 
879: 878 877 958 
880: 881 611 
881: 876 880 883 
882: 883 313 
883: 382 882 881 
884: 885 383 
885: 884 887 898 
886: 887 827 
887: 826 886 885 
888: 889 657 
889: 656 888 891 
890: 891 171 
891: 486 890 889 
892: 893 845 
893: 836 892 895 
894: 895 319 
895: 318 894 893 
896: 897 659 
897: 658 896 899 
898: 899 885 
899: 382 898 897 
900: 901 505 
901: 500 900 903 
902: 903 153 
903: 220 902 901 
904: 905 353 
905: 624 904 907 
906: 907 607 
907: 606 906 905 
908: 909 707 
909: 908 911 912 
910: 911 823 
911: 346 910 909 
912: 913 909 
913: 706 912 915 
914: 915 29 
915: 914 913 916 
916: 917 915 
917: 14 916 919 
918: 919 929 
919: 68 918 917 
920: 921 395 
921: 394 920 923 
922: 923 101 
923: 118 922 921 
924: 925 819 
925: 818 924 927 
926: 927 779 
927: 510 926 925 
928: 929 69 
929: 918 928 931 
930: 931 727 
931: 726 930 929 
932: 933 577 
933: 572 932 935 
934: 935 255 
935: 762 934 933 
936: 937 511 
937: 800 936 939 
938: 939 941 
939: 176 938 937 
940: 941 177 
941: 938 940 943 
942: 943 287 
943: 286 942 941 
944: 945 1 
945: 150 944 947 
946: 947 201 
947: 156 946 945 
948: 949 151 
949: 150 948 951 
950: 951 677 
951: 770 950 949 
952: 953 207 
953: 30 952 955 
954: 955 673 
955: 954 953 956 
956: 955 969 
957: 959 960 968 
958: 959 879 
959: 234 958 957 
960: 961 957 
961: 272 960 963 
962: 963 613 
963: 962 961 964 
964: 965 963 
965: 482 964 967 
966: 967 187 
967: 496 966 965 
968: 969 957 
969: 956 968 971 
970: 971 973 
971: 352 970 969 
972: 973 855 
973: 970 972 975 
974: 975 351 
975: 6 974 973 
976: 977 321 
977: 316 976 979 
978: 979 647 
979: 646 978 977 
980: 981 419 
981: 418 980 983 
982: 983 815 
983: 816 982 981 
